36 (764, 227, 53, 40)
165 (815, 139, 46, 41)
257 (328, 198, 61, 48)
262 (411, 244, 50, 36)
290 (535, 246, 41, 39)
302 (714, 137, 56, 46)
369 (447, 307, 17, 18)
479 (1020, 73, 77, 76)
561 (667, 197, 41, 40)
594 (654, 238, 35, 33)
606 (829, 229, 24, 21)
613 (250, 283, 39, 37)
710 (755, 182, 51, 52)
784 (768, 220, 38, 40)
789 (795, 161, 38, 37)
826 (896, 176, 26, 30)
855 (146, 284, 15, 16)
878 (675, 139, 30, 28)
995 (782, 296, 32, 29)
1002 (797, 245, 34, 32)
1071 (692, 338, 27, 27)
1075 (931, 265, 26, 28)
1101 (902, 212, 32, 33)
